-10.524	10289
-9.023	12093
-7.523	7889
-6.022	6752
-4.522	6019
-3.022	3842
-1.523	2607
-0.023	2313
1.476	2233
2.975	2179
4.474	2111
5.972	2140
7.470	2106
8.968	2110
10.466	2176
11.964	2254
13.461	2444
14.958	2729
16.455	3006
17.952	3204
19.448	3238
20.945	3298
22.441	3303
23.936	3297
25.432	3267
26.927	3253
28.422	3259
29.917	3238
31.412	3376
32.906	3301
34.400	3433
35.894	3472
37.388	3676
38.882	3783
40.375	3698
41.868	3728
43.361	3829
44.853	3694
46.346	3650
47.838	3642
49.330	3588
50.821	3566
52.313	3676
53.804	3551
55.295	3604
56.786	3500
58.276	3503
59.767	3523
61.257	3569
62.747	3597
64.236	3578
65.726	3662
67.215	3766
68.704	3682
70.193	3623
71.681	3527
73.169	3500
74.657	3500
76.145	3434
77.633	3383
79.120	3466
80.607	3370
82.094	3391
83.581	3391
85.067	3354
86.554	3344
88.040	3304
89.526	3310
91.011	3241
92.496	3212
93.982	3358
95.466	3236
96.951	3240
98.436	3236
99.920	3227
101.404	3353
102.887	3384
104.371	3326
105.854	3289
107.337	3332
108.820	3395
110.303	3406
111.785	3359
113.267	3452
114.749	3449
116.231	3395
117.713	3459
119.194	3411
120.675	3393
122.156	3495
123.636	3522
125.117	3524
126.597	3439
128.077	3488
129.556	3420
131.036	3436
132.515	3409
133.994	3278
135.473	3262
136.951	3161
138.430	3212
139.908	3152
141.386	3101
142.863	3081
144.341	3114
145.818	3067
147.295	3042
148.772	3045
150.248	3035
151.725	3047
153.201	3025
154.677	3051
156.152	2979
157.628	3008
159.103	2989
160.578	3030
162.053	2986
163.527	2983
165.001	2994
166.475	2915
167.949	3015
169.423	2951
170.896	2974
172.369	2959
173.842	2931
175.315	2956
176.788	2999
178.260	2990
179.732	3024
181.204	2991
182.675	2968
184.147	2982
185.618	3015
187.089	2958
188.559	3008
190.030	2929
191.500	2958
192.970	2909
194.440	2963
195.909	2924
197.379	2907
198.848	2949
200.317	2942
201.786	2970
203.254	2929
204.722	2931
206.190	2986
207.658	2945
209.126	2926
210.593	2977
212.060	2918
213.527	2971
214.994	2895
216.460	2924
217.926	2990
219.392	2939
220.858	2942
222.323	2960
223.789	2964
225.254	2999
226.719	2973
228.183	3003
229.648	2979
231.112	2993
232.576	2961
234.040	2957
235.503	2967
236.967	2915
238.430	2948
239.893	2995
241.355	3022
242.818	3037
244.280	2990
245.742	3064
247.204	2994
248.665	3032
250.126	3031
251.587	3065
253.048	3043
254.509	3115
255.969	3119
257.430	3081
258.889	3049
260.349	3112
261.809	3130
263.268	3129
264.727	3135
266.186	3212
267.645	3185
269.103	3169
270.561	3207
272.019	3215
273.477	3281
274.934	3254
276.392	3252
277.849	3287
279.306	3324
280.762	3318
282.219	3428
283.675	3399
285.131	3403
286.586	3396
288.042	3403
289.497	3382
290.952	3425
292.407	3419
293.862	3371
295.316	3463
296.770	3447
298.224	3503
299.678	3459
301.132	3538
302.585	3588
304.038	3533
305.491	3509
306.943	3543
308.396	3679
309.848	3569
311.300	3543
312.752	3568
314.203	3649
315.655	3544
317.106	3628
318.557	3637
320.007	3571
321.458	3690
322.908	3652
324.358	3704
325.807	3717
327.257	3737
328.706	3885
330.155	3961
331.604	3942
333.053	4066
334.501	4079
335.950	4250
337.397	4233
338.845	4267
340.293	4369
341.740	4409
343.187	4403
344.634	4341
346.081	4274
347.527	4123
348.973	4029
350.419	3961
351.865	3861
353.311	3803
354.756	3766
356.201	3861
357.646	3820
359.091	3891
360.535	3940
361.979	3890
363.423	4012
364.867	4095
366.311	4189
367.754	4288
369.197	4439
370.640	4679
372.083	4691
373.525	4803
374.967	4912
376.409	4806
377.851	4611
379.293	4504
380.734	4318
382.175	4204
383.616	4044
385.057	3860
386.497	3773
387.938	3546
389.378	3455
390.818	3479
392.257	3444
393.697	3272
395.136	3307
396.575	3198
398.013	3289
399.452	3224
400.890	3203
402.328	3134
403.766	3188
405.204	3160
406.641	3202
408.078	3170
409.515	3155
410.952	3137
412.388	3101
413.825	3187
415.261	3122
416.697	3176
418.132	3131
419.568	3161
421.003	3092
422.438	3128
423.873	3109
425.307	3085
426.742	3118
428.176	3071
429.610	3152
431.043	3107
432.477	3070
433.910	3012
435.343	3080
436.776	3063
438.208	3167
439.641	3079
441.073	3106
442.505	3057
443.937	3112
445.368	3073
446.799	3091
448.230	3148
449.661	3084
451.092	3116
452.522	3096
453.952	3110
455.382	3150
456.812	3162
458.242	3093
459.671	3074
461.100	3091
462.529	3098
463.958	3092
465.386	3043
466.814	3151
468.242	3202
469.670	3128
471.097	3126
472.525	3148
473.952	3121
475.379	3042
476.806	3147
478.232	3091
479.658	3109
481.084	3086
482.510	3068
483.936	3097
485.361	3089
486.786	3035
488.211	3109
489.636	3045
491.060	3077
492.485	3057
493.909	3064
495.333	3086
496.756	3056
498.180	3103
499.603	3095
501.026	3079
502.449	3044
503.871	3041
505.294	3093
506.716	3114
508.138	3132
509.559	3086
510.981	3057
512.402	3086
513.823	3137
515.244	3116
516.664	3016
518.085	3153
519.505	3104
520.925	3087
522.345	3095
523.764	3090
525.183	3066
526.603	3064
528.021	3063
529.440	3120
530.858	3053
532.277	3107
533.695	3093
535.112	3059
536.530	3138
537.947	3099
539.365	3083
540.781	3098
542.198	3091
543.615	3091
545.031	3108
546.447	3109
547.863	3095
549.278	3106
550.694	3100
552.109	3121
553.524	3031
554.939	3105
556.353	3084
557.768	3035
559.182	3085
560.596	3111
562.009	3083
563.423	3042
564.836	3080
566.249	3107
567.662	3127
569.074	3068
570.487	3120
571.899	3079
573.311	3066
574.723	3122
576.134	3111
577.545	3079
578.956	3132
580.367	3122
581.778	3094
583.188	3111
584.599	3073
586.009	3089
587.418	3152
588.828	3101
590.237	3128
591.647	3089
593.056	3072
594.464	3120
595.873	3174
597.281	3151
598.689	3100
600.097	3174
601.505	3142
602.912	3099
604.319	3163
605.726	3138
607.133	3146
608.540	3183
609.946	3154
611.352	3220
612.758	3169
614.164	3133
615.569	3109
616.975	3161
618.380	3066
619.784	3199
621.189	3158
622.593	3179
623.998	3152
625.402	3174
626.805	3154
628.209	3235
629.612	3201
631.016	3131
632.418	3212
633.821	3220
635.224	3201
636.626	3173
638.028	3191
639.430	3200
640.832	3156
642.233	3214
643.634	3257
645.035	3177
646.436	3176
647.837	3280
649.237	3185
650.637	3197
652.037	3193
653.437	3171
654.836	3197
656.235	3253
657.635	3184
659.033	3214
660.432	3226
661.830	3269
663.229	3245
664.627	3180
666.025	3242
667.422	3194
668.819	3248
670.217	3233
671.614	3217
673.010	3257
674.407	3239
675.803	3277
677.199	3250
678.595	3231
679.991	3314
681.386	3289
682.781	3284
684.176	3303
685.571	3284
686.966	3354
688.360	3280
689.754	3262
691.148	3273
692.542	3289
693.936	3350
695.329	3288
696.722	3331
698.115	3291
699.508	3320
700.900	3292
702.292	3186
703.685	3357
705.076	3299
706.468	3327
707.859	3314
709.251	3299
710.642	3303
712.032	3264
713.423	3267
714.813	3331
716.203	3277
717.593	3279
718.983	3317
720.373	3302
721.762	3314
723.151	3285
724.540	3288
725.929	3373
727.317	3325
728.705	3319
730.093	3268
731.481	3304
732.869	3264
734.256	3298
735.643	3288
737.030	3247
738.417	3272
739.803	3255
741.190	3299
742.576	3277
743.962	3277
745.348	3367
746.733	3329
748.118	3332
749.503	3393
750.888	3356
752.273	3259
753.657	3293
755.042	3336
756.426	3314
757.809	3329
759.193	3218
760.576	3274
761.959	3302
763.342	3313
764.725	3284
766.108	3332
767.490	3277
768.872	3315
770.254	3340
771.636	3366
773.017	3321
774.398	3293
775.780	3351
777.160	3239
778.541	3297
779.921	3285
781.302	3273
782.682	3294
784.061	3348
785.441	3321
786.820	3306
788.200	3309
789.579	3301
790.957	3354
792.336	3334
793.714	3307
795.092	3332
796.470	3337
797.848	3387
799.225	3357
800.603	3309
801.980	3372
803.357	3390
804.733	3321
806.110	3340
807.486	3366
808.862	3347
810.238	3369
811.613	3366
812.989	3331
814.364	3363
815.739	3307
817.114	3356
818.488	3322
819.863	3334
821.237	3327
822.611	3343
823.984	3321
825.358	3355
826.731	3357
828.104	3329
829.477	3323
830.850	3311
832.222	3354
833.595	3327
834.967	3358
836.338	3329
837.710	3377
839.081	3438
840.453	3388
841.824	3395
843.194	3293
844.565	3371
845.935	3366
847.306	3362
848.676	3328
850.045	3361
851.415	3350
852.784	3354
854.153	3348
855.522	3386
856.891	3334
858.259	3412
859.628	3332
860.996	3375
862.364	3420
863.731	3329
865.099	3370
866.466	3421
867.833	3356
869.200	3425
870.567	3333
871.933	3385
873.299	3463
874.665	3414
876.031	3382
877.397	3444
878.762	3446
880.127	3383
881.492	3398
882.857	3388
884.221	3372
885.586	3399
886.950	3448
888.314	3511
889.678	3400
891.041	3391
892.404	3374
893.768	3424
895.130	3450
896.493	3437
897.856	3478
899.218	3384
900.580	3359
901.942	3417
903.303	3373
904.665	3440
906.026	3445
907.387	3491
908.748	3412
910.109	3411
911.469	3449
912.829	3400
914.189	3431
915.549	3458
916.909	3463
918.268	3474
919.627	3441
920.986	3502
922.345	3470
923.703	3484
925.062	3540
926.420	3442
927.778	3463
929.135	3504
930.493	3529
931.850	3462
933.207	3462
934.564	3463
935.921	3473
937.277	3473
938.634	3455
939.990	3465
941.346	3422
942.701	3487
944.057	3481
945.412	3495
946.767	3514
948.122	3581
949.477	3464
950.831	3459
952.185	3504
953.539	3541
954.893	3569
956.247	3552
957.600	3487
958.953	3472
960.306	3447
961.659	3549
963.012	3533
964.364	3515
965.716	3464
967.068	3486
968.420	3590
969.771	3571
971.123	3562
972.474	3536
973.825	3521
975.176	3557
976.526	3594
977.876	3544
979.227	3501
980.576	3563
981.926	3469
983.276	3544
984.625	3519
985.974	3589
987.323	3628
988.672	3524
990.020	3552
991.368	3535
992.716	3539
994.064	3545
995.412	3567
996.759	3544
998.107	3535
999.454	3528
1000.801	3555
1002.147	3588
1003.494	3556
1004.840	3604
1006.186	3545
1007.532	3617
1008.877	3593
1010.223	3619
1011.568	3611
1012.913	3584
1014.258	3576
1015.602	3580
1016.947	3547
1018.291	3548
1019.635	3629
1020.979	3593
1022.322	3646
1023.666	3561
1025.009	3635
1026.352	3666
1027.695	3592
1029.037	3527
1030.380	3612
1031.722	3615
1033.064	3626
1034.405	3623
1035.747	3612
1037.088	3561
1038.429	3581
1039.770	3497
1041.111	3592
1042.452	3630
1043.792	3590
1045.132	3623
1046.472	3603
1047.812	3642
1049.151	3613
1050.491	3684
1051.830	3615
1053.169	3633
1054.507	3585
1055.846	3666
1057.184	3670
1058.522	3630
1059.860	3591
1061.198	3718
1062.535	3677
1063.872	3683
1065.210	3632
1066.546	3627
1067.883	3670
1069.220	3679
1070.556	3624
1071.892	3651
1073.228	3615
1074.563	3665
1075.899	3704
1077.234	3664
1078.569	3717
1079.904	3666
1081.239	3672
1082.573	3686
1083.907	3620
1085.241	3612
1086.575	3719
1087.909	3603
1089.242	3706
1090.576	3664
1091.909	3703
1093.242	3610
1094.574	3696
1095.907	3709
1097.239	3750
1098.571	3793
1099.903	3668
1101.234	3675
1102.566	3678
1103.897	3668
1105.228	3719
1106.559	3713
1107.889	3701
1109.220	3696
1110.550	3694
1111.880	3752
1113.210	3724
1114.540	3857
1115.869	3768
1117.198	3767
1118.527	3774
1119.856	3779
1121.185	3730
1122.513	3760
1123.841	3788
1125.169	3776
1126.497	3820
1127.825	3735
1129.152	3721
1130.479	3730
1131.806	3753
1133.133	3770
1134.460	3771
1135.786	3712
1137.112	3722
1138.438	3840
1139.764	3707
1141.090	3824
1142.415	3758
1143.740	3778
1145.065	3702
1146.390	3674
1147.715	3761
1149.039	3778
1150.363	3716
1151.687	3736
1153.011	3769
1154.335	3738
1155.658	3737
1156.981	3715
1158.304	3721
1159.627	3773
1160.950	3775
1162.272	3745
1163.594	3771
1164.916	3769
1166.238	3735
1167.560	3745
1168.881	3803
1170.202	3801
1171.523	3777
1172.844	3783
1174.165	3817
1175.485	3768
1176.805	3773
1178.125	3808
1179.445	3809
1180.765	3828
1182.084	3804
1183.404	3838
1184.723	3887
1186.041	3821
1187.360	3790
1188.678	3823
1189.997	3836
1191.315	3839
1192.632	3873
1193.950	3780
1195.268	3798
1196.585	3832
1197.902	3869
1199.219	3882
1200.535	3873
1201.852	3860
1203.168	3863
1204.484	3838
1205.800	3830
1207.115	3808
1208.431	3857
1209.746	3867
1211.061	3839
1212.376	3920
1213.691	3930
1215.005	3857
1216.319	3908
1217.633	3886
1218.947	3893
1220.261	3846
1221.574	3824
1222.888	3847
1224.201	3902
1225.514	3882
1226.826	3850
1228.139	3872
1229.451	3866
1230.763	3816
1232.075	3876
1233.387	3892
1234.698	3890
1236.009	3835
1237.320	3892
1238.631	3950
1239.942	3886
1241.253	3869
1242.563	3965
1243.873	3863
1245.183	3937
1246.493	3892
1247.802	3932
1249.111	3922
1250.421	3942
1251.729	3935
1253.038	3926
1254.347	3968
1255.655	3967
1256.963	3952
1258.271	3938
1259.579	3986
1260.886	3956
1262.194	3907
1263.501	3917
1264.808	3963
1266.115	3970
1267.421	3944
1268.727	3916
1270.034	3906
1271.340	3852
1272.645	3976
1273.951	3910
1275.256	3988
1276.562	3953
1277.867	3995
1279.171	3986
1280.476	4041
1281.780	3994
1283.085	4013
1284.389	4002
1285.692	3972
1286.996	4033
1288.299	3967
1289.603	4018
1290.906	4008
1292.208	4021
1293.511	3925
1294.814	3963
1296.116	4074
1297.418	3973
1298.720	4024
1300.021	4014
1301.323	3983
1302.624	3998
1303.925	4058
1305.226	4070
1306.527	4040
1307.827	4031
1309.128	4026
1310.428	3993
1311.728	3974
1313.027	4069
1314.327	4138
1315.626	4045
1316.925	4045
1318.224	4057
1319.523	4086
1320.821	4035
1322.120	4122
1323.418	4027
1324.716	4069
1326.014	4065
1327.311	4047
1328.608	4030
1329.906	4074
1331.203	4098
1332.499	4085
1333.796	4097
1335.092	4075
1336.389	4119
1337.685	4145
1338.980	4054
1340.276	4072
1341.571	4128
1342.867	4124
1344.162	4118
1345.457	4121
1346.751	4126
1348.046	4092
1349.340	4089
1350.634	4041
1351.928	4146
1353.222	4129
1354.515	4117
1355.808	4079
1357.101	4039
1358.394	4145
1359.687	4051
1360.980	4094
1362.272	4119
1363.564	4110
1364.856	4173
1366.148	4126
1367.439	4091
1368.731	4122
1370.022	4107
1371.313	4182
1372.603	4139
1373.894	4224
1375.184	4165
1376.475	4193
1377.765	4114
1379.054	4094
1380.344	4156
1381.633	4223
1382.923	4130
1384.212	4210
1385.501	4184
1386.789	4192
1388.078	4190
1389.366	4155
1390.654	4123
1391.942	4195
1393.230	4196
1394.517	4167
1395.804	4243
1397.091	4272
1398.378	4217
1399.665	4187
1400.952	4179
1402.238	4194
1403.524	4254
1404.810	4229
1406.096	4250
1407.381	4229
1408.667	4176
1409.952	4240
1411.237	4224
1412.522	4288
1413.806	4171
1415.091	4204
1416.375	4234
1417.659	4277
1418.943	4254
1420.227	4152
1421.510	4271
1422.793	4276
1424.076	4279
1425.359	4190
1426.642	4194
1427.924	4281
1429.207	4198
1430.489	4261
1431.771	4253
1433.052	4211
1434.334	4259
1435.615	4326
1436.897	4357
1438.178	4252
1439.458	4262
1440.739	4295
1442.019	4265
1443.299	4302
1444.579	4218
1445.859	4305
1447.139	4228
1448.418	4301
1449.698	4367
1450.977	4264
1452.256	4304
1453.534	4224
1454.813	4253
1456.091	4280
1457.369	4300
1458.647	4295
1459.925	4243
1461.202	4172
1462.480	4280
1463.757	4379
1465.034	4246
1466.311	4259
1467.587	4314
1468.863	4270
1470.140	4359
1471.416	4339
1472.692	4302
1473.967	4339
1475.243	4248
1476.518	4316
1477.793	4236
1479.068	4392
1480.342	4213
1481.617	4372
1482.891	4274
1484.165	4386
1485.439	4287
1486.713	4329
1487.987	4357
1489.260	4340
1490.533	4377
1491.806	4338
1493.079	4373
1494.351	4347
1495.624	4358
1496.896	4329
1498.168	4374
1499.440	4395
1500.712	4268
1501.983	4387
1503.254	4394
1504.525	4363
1505.796	4328
1507.067	4379
1508.337	4419
1509.608	4381
1510.878	4366
1512.148	4367
1513.418	4364
1514.687	4442
1515.957	4398
1517.226	4426
1518.495	4473
1519.764	4440
1521.032	4363
1522.301	4333
1523.569	4467
1524.837	4360
1526.105	4442
1527.372	4450
1528.640	4404
1529.907	4333
1531.174	4427
1532.441	4518
1533.708	4472
1534.975	4438
1536.241	4510
1537.507	4469
1538.773	4482
1540.039	4456
1541.305	4461
1542.570	4465
1543.835	4532
1545.100	4443
1546.365	4532
1547.630	4467
1548.894	4559
1550.159	4513
1551.423	4520
1552.687	4526
1553.950	4587
1555.214	4413
1556.477	4533
1557.740	4494
1559.003	4518
1560.266	4584
1561.529	4537
1562.791	4480
1564.053	4563
1565.316	4501
1566.577	4578
1567.839	4459
1569.101	4580
1570.362	4543
1571.623	4557
1572.884	4521
1574.145	4459
1575.405	4559
1576.666	4543
1577.926	4556
1579.186	4563
1580.446	4537
1581.705	4573
1582.965	4541
1584.224	4580
1585.483	4563
1586.742	4538
1588.000	4562
1589.259	4530
1590.517	4520
1591.775	4558
1593.033	4549
1594.291	4595
1595.549	4589
1596.806	4572
1598.063	4538
1599.320	4581
1600.577	4514
1601.834	4554
1603.090	4610
1604.346	4561
1605.603	4566
1606.858	4522
1608.114	4595
1609.370	4599
1610.625	4594
1611.880	4635
1613.135	4561
1614.390	4556
1615.644	4526
1616.899	4607
1618.153	4619
1619.407	4562
1620.661	4664
1621.915	4650
1623.168	4653
1624.421	4541
1625.675	4615
1626.927	4552
1628.180	4594
1629.433	4617
1630.685	4664
1631.937	4558
1633.189	4595
1634.441	4679
1635.693	4599
1636.944	4648
1638.195	4593
1639.447	4589
1640.697	4630
1641.948	4632
1643.199	4527
1644.449	4591
1645.699	4595
1646.949	4626
1648.199	4595
1649.449	4691
1650.698	4715
1651.947	4645
1653.196	4618
1654.445	4636
1655.694	4668
1656.942	4618
1658.191	4711
1659.439	4733
1660.687	4655
1661.934	4653
1663.182	4605
1664.429	4622
1665.677	4662
1666.924	4581
1668.170	4630
1669.417	4655
1670.664	4616
1671.910	4675
1673.156	4750
1674.402	4586
1675.648	4654
1676.893	4623
1678.139	4678
1679.384	4596
1680.629	4615
1681.874	4683
1683.118	4629
1684.363	4716
1685.607	4670
1686.851	4688
1688.095	4622
1689.339	4750
1690.582	4630
1691.826	4651
1693.069	4661
1694.312	4627
1695.554	4629
1696.797	4722
1698.040	4711
1699.282	4719
1700.524	4650
1701.766	4704
1703.007	4682
1704.249	4680
1705.490	4695
1706.731	4643
1707.972	4570
1709.213	4647
1710.454	4684
1711.694	4749
1712.935	4779
1714.175	4765
1715.415	4652
1716.654	4595
1717.894	4711
1719.133	4738
1720.372	4626
1721.611	4667
1722.850	4729
1724.089	4734
1725.327	4657
1726.565	4717
1727.803	4787
1729.041	4736
1730.279	4691
1731.516	4741
1732.754	4706
1733.991	4670
1735.228	4685
1736.465	4778
1737.701	4717
1738.938	4772
1740.174	4818
1741.410	4763
1742.646	4806
1743.882	4731
1745.117	4855
1746.352	4787
1747.588	4825
1748.823	4738
1750.057	4799
1751.292	4752
1752.526	4790
1753.761	4856
1754.995	4803
1756.229	4820
1757.462	4783
1758.696	4774
1759.929	4744
1761.162	4808
1762.395	4745
1763.628	4760
1764.861	4713
1766.093	4694
1767.326	4803
1768.558	4884
1769.790	4846
1771.021	4870
1772.253	4820
1773.484	4863
1774.715	4847
1775.946	4869
1777.177	4799
1778.408	4853
1779.638	4784
1780.869	4814
1782.099	4723
1783.329	4891
1784.558	4894
1785.788	4873
1787.017	4912
1788.247	4791
1789.476	4819
1790.704	4890
1791.933	4977
1793.162	4883
1794.390	4942
1795.618	4811
1796.846	4869
1798.074	4872
1799.301	4885
1800.529	4843
1801.756	4924
1802.983	4829
1804.210	4889
1805.437	4884
1806.663	4951
1807.889	4908
1809.116	4806
1810.341	4861
1811.567	4904
1812.793	4907
1814.018	4819
1815.244	4913
1816.469	4912
1817.694	4957
1818.918	4926
1820.143	5004
1821.367	4899
1822.591	4982
1823.815	4923
1825.039	4930
1826.263	4907
1827.486	4873
1828.710	4944
1829.933	4877
1831.156	4838
1832.378	4917
1833.601	4972
1834.823	4987
1836.046	4928
1837.268	4954
1838.490	4921
1839.711	4877
1840.933	4931
1842.154	4900
1843.375	4908
1844.596	4965
1845.817	4948
1847.038	4927
1848.258	4910
1849.478	4982
1850.698	4959
1851.918	4990
1853.138	4962
1854.358	5041
1855.577	5007
1856.796	4974
1858.015	5044
1859.234	4979
1860.453	5073
1861.671	4945
1862.890	4999
1864.108	5047
1865.326	4925
1866.543	5149
1867.761	4968
1868.978	4954
1870.196	5044
1871.413	4964
1872.630	5098
1873.846	4999
1875.063	5064
1876.279	5072
1877.496	5103
1878.712	5099
1879.927	5143
1881.143	5077
1882.359	5106
1883.574	5167
1884.789	5099
1886.004	5166
1887.219	5073
1888.433	5186
1889.648	5130
1890.862	5119
1892.076	5120
1893.290	5195
1894.504	5154
1895.717	5139
1896.931	5113
1898.144	5233
1899.357	5151
1900.570	5177
1901.782	5134
1902.995	5179
1904.207	5074
1905.419	5089
1906.631	5204
1907.843	5184
1909.055	5173
1910.266	5128
1911.477	5212
1912.688	5190
1913.899	5117
1915.110	5137
1916.320	5162
1917.531	5101
1918.741	5197
1919.951	5236
1921.161	5243
1922.371	5250
1923.580	5105
1924.789	5176
1925.999	5230
1927.208	5170
1928.416	5174
1929.625	5124
1930.833	5164
1932.042	5158
1933.250	5272
1934.458	5142
1935.666	5218
1936.873	5162
1938.081	5178
1939.288	5184
1940.495	5294
1941.702	5172
1942.908	5196
1944.115	5185
1945.321	5193
1946.527	5167
1947.733	5276
1948.939	5302
1950.145	5264
1951.350	5163
1952.556	5258
1953.761	5250
1954.966	5338
1956.171	5264
1957.375	5132
1958.580	5360
1959.784	5207
1960.988	5202
1962.192	5246
1963.396	5204
1964.599	5195
1965.803	5276
1967.006	5167
1968.209	5251
1969.412	5240
1970.615	5312
1971.817	5362
1973.019	5316
1974.222	5294
1975.424	5306
1976.625	5185
1977.827	5302
1979.029	5256
1980.230	5266
1981.431	5299
1982.632	5249
1983.833	5325
1985.033	5222
1986.234	5352
1987.434	5281
1988.634	5333
1989.834	5234
1991.034	5249
1992.234	5316
1993.433	5323
1994.632	5445
1995.831	5351
1997.030	5339
1998.229	5427
1999.427	5345
2000.626	5333
2001.824	5435
2003.022	5297
2004.220	5356
2005.418	5420
2006.615	5357
2007.812	5342
2009.010	5445
2010.207	5298
2011.403	5409
2012.600	5417
2013.797	5313
2014.993	5431
2016.189	5350
2017.385	5503
2018.581	5420
2019.776	5381
2020.972	5375
2022.167	5344
2023.362	5398
2024.557	5454
2025.752	5409
2026.947	5417
2028.141	5560
2029.335	5487
2030.529	5522
2031.723	5468
2032.917	5488
2034.110	5540
2035.304	5411
2036.497	5408
2037.690	5535
2038.883	5434
2040.076	5407
2041.268	5496
2042.461	5443
2043.653	5443
2044.845	5402
2046.037	5549
2047.228	5470
2048.420	5454
2049.611	5392
2050.802	5471
2051.993	5539
2053.184	5418
2054.375	5443
2055.565	5387
2056.756	5466
2057.946	5438
2059.136	5496
2060.326	5548
2061.515	5526
2062.705	5491
2063.894	5447
2065.083	5549
2066.272	5555
2067.461	5379
2068.649	5499
2069.838	5601
2071.026	5470
2072.214	5531
2073.402	5558
2074.590	5408
2075.778	5562
2076.965	5484
2078.152	5471
2079.339	5490
2080.526	5478
2081.713	5579
2082.900	5509
2084.086	5498
2085.272	5545
2086.458	5524
2087.644	5576
2088.830	5666
2090.015	5581
2091.201	5565
2092.386	5529
2093.571	5560
2094.756	5534
2095.941	5563
2097.125	5642
2098.310	5661
2099.494	5607
2100.678	5638
2101.862	5618
2103.045	5583
2104.229	5580
2105.412	5643
2106.596	5578
2107.779	5661
2108.961	5690
2110.144	5590
2111.327	5570
2112.509	5671
2113.691	5664
2114.873	5721
2116.055	5621
2117.237	5759
2118.418	5687
2119.600	5613
2120.781	5680
2121.962	5659
2123.143	5695
2124.323	5610
2125.504	5704
2126.684	5654
2127.864	5681
2129.044	5729
2130.224	5587
2131.404	5693
2132.583	5627
2133.762	5610
2134.942	5814
2136.121	5742
2137.299	5733
2138.478	5765
2139.657	5682
2140.835	5656
2142.013	5770
2143.191	5728
2144.369	5687
2145.546	5717
2146.724	5763
2147.901	5759
2149.078	5757
2150.255	5739
2151.432	5747
2152.609	5731
2153.785	5791
2154.962	5746
2156.138	5801
2157.314	5728
2158.489	5715
2159.665	5821
2160.841	5808
2162.016	5840
2163.191	5805
2164.366	5778
2165.541	5851
2166.715	5817
2167.890	5821
2169.064	5755
2170.238	5819
2171.412	5870
2172.586	5835
2173.760	5755
2174.933	5746
2176.107	5742
2177.280	5751
2178.453	5881
2179.626	5799
2180.798	5843
2181.971	5822
2183.143	5814
2184.315	5878
2185.487	5868
2186.659	5878
2187.831	5837
2189.002	5877
2190.173	5952
2191.344	5756
2192.515	5920
2193.686	5909
2194.857	5920
2196.027	5906
2197.198	5887
2198.368	5778
2199.538	5899
2200.708	5907
2201.877	5852
2203.047	5725
2204.216	5958
2205.385	5867
2206.554	5776
2207.723	5839
2208.892	5788
2210.060	5827
2211.229	5822
2212.397	6013
2213.565	5826
2214.733	5863
2215.900	5774
2217.068	5909
2218.235	5882
2219.402	5833
2220.569	5870
2221.736	5856
2222.903	5882
2224.070	5896
2225.236	5872
2226.402	5805
2227.568	5822
2228.734	5883
2229.900	5900
2231.065	5891
2232.231	5962
2233.396	6034
2234.561	5792
2235.726	6030
2236.890	5989
2238.055	6001
2239.219	5984
2240.384	5961
2241.548	5873
2242.712	5950
2243.875	5946
2245.039	5822
2246.202	6024
2247.366	5915
2248.529	6117
2249.692	5978
2250.854	6014
2252.017	5992
2253.179	6032
2254.342	6024
2255.504	6087
2256.666	6009
2257.827	6156
2258.989	6048
2260.150	6046
2261.312	5974
2262.473	6007
2263.634	5976
2264.795	5997
2265.955	6021
2267.116	5933
2268.276	5985
2269.436	5989
2270.596	6066
2271.756	6072
2272.916	6083
2274.075	6210
2275.234	6018
2276.394	6099
2277.553	6023
2278.711	6121
2279.870	6058
2281.029	6110
2282.187	6116
2283.345	6184
2284.503	6112
2285.661	6150
2286.819	6267
2287.976	6031
2289.134	6184
2290.291	6257
2291.448	6080
2292.605	6189
2293.762	6052
2294.918	6117
2296.075	6080
2297.231	6113
2298.387	6002
2299.543	6159
2300.699	6224
2301.854	6235
2303.010	6142
2304.165	6150
2305.320	6154
2306.475	6204
2307.630	6198
2308.784	6201
2309.939	6176
2311.093	6223
2312.247	6182
2313.401	6265
2314.555	6031
2315.709	6227
2316.862	6118
2318.016	6234
2319.169	6198
2320.322	6232
2321.475	6254
2322.627	6193
2323.780	6226
2324.932	6244
2326.084	6250
2327.236	6278
2328.388	6223
2329.540	6304
2330.692	6234
2331.843	6261
2332.994	6235
2334.145	6214
2335.296	6339
2336.447	6420
2337.598	6265
2338.748	6255
2339.898	6346
2341.048	6301
2342.198	6273
2343.348	6355
2344.498	6357
2345.647	6205
2346.797	6215
2347.946	6193
2349.095	6431
2350.244	6308
2351.392	6317
2352.541	6328
2353.689	6283
2354.837	6298
2355.985	6346
2357.133	6244
2358.281	6362
2359.429	6402
2360.576	6301
2361.723	6438
2362.870	6252
2364.017	6430
2365.164	6396
2366.311	6410
2367.457	6413
2368.603	6329
2369.750	6509
2370.896	6441
2372.041	6419
2373.187	6402
2374.332	6474
2375.478	6372
2376.623	6403
2377.768	6398
2378.913	6425
2380.058	6413
2381.202	6381
2382.346	6472
2383.491	6452
2384.635	6469
2385.779	6366
2386.922	6491
2388.066	6471
2389.209	6406
2390.353	6391
2391.496	6361
2392.639	6364
2393.782	6382
2394.924	6406
2396.067	6510
2397.209	6557
2398.351	6348
2399.493	6382
2400.635	6419
2401.777	6613
2402.918	6479
2404.060	6419
2405.201	6571
2406.342	6436
2407.483	6481
2408.623	6439
2409.764	6383
2410.904	6464
2412.045	6376
2413.185	6476
2414.325	6559
2415.465	6454
2416.604	6618
2417.744	6463
2418.883	6523
2420.022	6452
2421.161	6544
2422.300	6515
2423.439	6521
2424.577	6562
2425.716	6513
2426.854	6430
2427.992	6589
2429.130	6616
2430.268	6528
2431.405	6598
2432.543	6638
2433.680	6481
2434.817	6473
2435.954	6515
2437.091	6502
2438.227	6472
2439.364	6489
2440.500	6474
2441.636	6493
2442.772	6548
2443.908	6608
2445.044	6626
2446.180	6579
2447.315	6696
2448.450	6587
2449.585	6482
2450.720	6464
2451.855	6581
2452.990	6547
2454.124	6553
2455.258	6524
2456.393	6548
2457.527	6512
2458.660	6595
2459.794	6460
2460.928	6544
2462.061	6617
2463.194	6512
2464.327	6600
2465.460	6539
2466.593	6628
2467.725	6585
2468.858	6641
2469.990	6547
2471.122	6573
2472.254	6532
2473.386	6645
2474.518	6548
2475.649	6610
2476.781	6655
2477.912	6571
2479.043	6591
2480.174	6756
2481.304	6740
2482.435	6769
2483.565	6684
2484.696	6731
2485.826	6700
2486.956	6743
2488.086	6747
2489.215	6714
2490.345	6802
2491.474	6767
2492.603	6816
2493.732	6849
2494.861	6814
2495.990	6914
2497.118	6734
2498.247	6781
2499.375	6849
2500.503	6739
2501.631	6789
2502.759	6799
2503.886	6897
2505.014	6846
2506.141	6835
2507.268	6830
2508.395	6818
2509.522	6763
2510.649	6925
2511.776	6711
2512.902	6904
2514.028	6898
2515.154	6783
2516.280	6862
2517.406	6847
2518.532	6898
2519.657	6805
2520.782	6901
2521.908	6835
2523.033	6872
2524.158	6833
2525.282	6921
2526.407	6849
2527.531	6924
2528.655	6870
2529.780	6906
2530.904	6847
2532.027	6900
2533.151	6721
2534.274	6848
2535.398	6734
2536.521	6892
2537.644	6922
2538.767	6953
2539.890	6796
2541.012	6893
2542.135	7026
2543.257	6900
2544.379	6925
2545.501	6925
2546.623	6834
2547.744	6981
2548.866	6941
2549.987	6928
2551.108	6840
2552.229	6921
2553.350	6918
2554.471	6885
2555.592	6926
2556.712	6959
2557.832	7088
2558.952	7006
2560.072	6919
2561.192	6977
2562.312	6961
2563.431	6953
2564.551	7095
2565.670	7002
2566.789	6999
2567.908	7110
2569.027	6971
2570.145	7041
2571.264	7018
2572.382	6987
2573.500	6993
2574.618	6961
2575.736	7035
2576.854	7034
2577.971	7056
2579.089	7038
2580.206	7076
2581.323	7056
2582.440	7084
2583.557	6903
2584.673	6994
2585.790	7008
2586.906	7052
2588.022	7114
2589.138	7181
2590.254	6948
2591.370	7046
2592.486	7042
2593.601	7052
2594.716	7075
2595.831	7135
2596.946	7054
2598.061	7092
2599.176	7073
2600.290	6981
2601.405	6965
2602.519	7102
2603.633	7034
2604.747	7088
2605.861	6973
2606.974	7119
2608.088	7102
2609.201	7123
2610.314	7085
2611.427	7012
2612.540	7103
2613.653	7099
2614.766	7071
2615.878	7117
2616.990	7215
2618.102	7210
2619.214	6920
2620.326	7106
2621.438	7131
2622.549	7033
2623.661	7125
2624.772	7096
2625.883	7056
2626.994	7134
2628.105	7154
2629.215	7267
2630.326	7063
2631.436	7238
2632.546	7178
2633.656	7064
