-10.524	2949
-9.023	3502
-7.523	3218
-6.022	3008
-4.522	2798
-3.022	2315
-1.523	2156
-0.023	2108
1.476	2091
2.975	2075
4.474	2090
5.972	2093
7.470	2188
8.968	2367
10.466	2804
11.964	3867
13.461	5326
14.958	7159
16.455	8279
17.952	8689
19.448	8602
20.945	8830
22.441	8707
23.936	8432
25.432	8380
26.927	8191
28.422	8234
29.917	8241
31.412	8463
32.906	8831
34.400	9510
35.894	9940
37.388	10135
38.882	10463
40.375	10335
41.868	10209
43.361	10437
44.853	10099
46.346	10110
47.838	9761
49.330	9582
50.821	9853
52.313	9629
53.804	9474
55.295	9287
56.786	9409
58.276	9300
59.767	9504
61.257	9346
62.747	9592
64.236	9746
65.726	9787
67.215	9749
68.704	9520
70.193	9228
71.681	8929
73.169	8786
74.657	8579
76.145	8632
77.633	8671
79.120	8454
80.607	8436
82.094	8391
83.581	8390
85.067	8234
86.554	8101
88.040	8179
89.526	7999
91.011	7904
92.496	7842
93.982	7982
95.466	7951
96.951	7891
98.436	7869
99.920	7974
101.404	7990
102.887	8009
104.371	7894
105.854	8217
107.337	8187
108.820	8261
110.303	8291
111.785	8138
113.267	8558
114.749	8401
116.231	8507
117.713	8357
119.194	8327
120.675	8520
122.156	8465
123.636	8568
125.117	8564
126.597	8439
128.077	8488
129.556	8222
131.036	8133
132.515	7935
133.994	7854
135.473	7725
136.951	7510
138.430	7428
139.908	7484
141.386	7276
142.863	7186
144.341	7229
145.818	7188
147.295	7237
148.772	7077
150.248	6944
151.725	7083
153.201	7053
154.677	6941
156.152	6888
157.628	6822
159.103	6868
160.578	6869
162.053	6877
163.527	6867
165.001	6694
166.475	6713
167.949	6812
169.423	6701
170.896	6743
172.369	6663
173.842	6744
175.315	6738
176.788	6742
178.260	6760
179.732	6823
181.204	6636
182.675	6783
184.147	6632
185.618	6555
187.089	6570
188.559	6609
190.030	6611
191.500	6683
192.970	6521
194.440	6586
195.909	6499
197.379	6596
198.848	6637
200.317	6482
201.786	6652
203.254	6804
204.722	6618
206.190	6587
207.658	6598
209.126	6603
210.593	6659
212.060	6632
213.527	6678
214.994	6695
216.460	6647
217.926	6662
219.392	6727
220.858	6742
222.323	6752
223.789	6656
225.254	6858
226.719	6719
228.183	6736
229.648	6719
231.112	6829
232.576	6759
234.040	6842
235.503	6712
236.967	6757
238.430	6727
239.893	6842
241.355	6824
242.818	6983
244.280	7055
245.742	6910
247.204	6921
248.665	7074
250.126	7019
251.587	7144
253.048	7147
254.509	7039
255.969	7202
257.430	7207
258.889	7292
260.349	7199
261.809	7199
263.268	7341
264.727	7446
266.186	7454
267.645	7559
269.103	7489
270.561	7655
272.019	7647
273.477	7628
274.934	7798
276.392	7883
277.849	7963
279.306	8138
280.762	8068
282.219	8370
283.675	8368
285.131	8467
286.586	8363
288.042	8333
289.497	8483
290.952	8475
292.407	8649
293.862	8608
295.316	8656
296.770	8716
298.224	8647
299.678	8783
301.132	8800
302.585	8905
304.038	8979
305.491	8922
306.943	9161
308.396	9160
309.848	9139
311.300	9088
312.752	9105
314.203	9189
315.655	9306
317.106	9357
318.557	9493
320.007	9429
321.458	9448
322.908	9770
324.358	9666
325.807	9950
327.257	10028
328.706	10222
330.155	10548
331.604	10758
333.053	10897
334.501	11318
335.950	11413
337.397	11870
338.845	12057
340.293	12281
341.740	12442
343.187	12215
344.634	11944
346.081	11874
347.527	11540
348.973	11241
350.419	11135
351.865	11017
353.311	10836
354.756	10515
356.201	10463
357.646	10715
359.091	10677
360.535	10701
361.979	11003
363.423	10924
364.867	11382
366.311	11533
367.754	12018
369.197	12518
370.640	12875
372.083	13391
373.525	13851
374.967	13822
376.409	13860
377.851	13471
379.293	13054
380.734	12504
382.175	11815
383.616	11178
385.057	10707
386.497	10132
387.938	9650
389.378	9258
390.818	8867
392.257	8696
393.697	8373
395.136	8197
396.575	7882
398.013	8074
399.452	7883
400.890	7764
402.328	7589
403.766	7639
405.204	7593
406.641	7502
408.078	7520
409.515	7580
410.952	7429
412.388	7467
413.825	7478
415.261	7433
416.697	7449
418.132	7423
419.568	7434
421.003	7489
422.438	7316
423.873	7322
425.307	7438
426.742	7327
428.176	7331
429.610	7248
431.043	7284
432.477	7214
433.910	7150
435.343	7334
436.776	7237
438.208	7293
439.641	7403
441.073	7332
442.505	7233
443.937	7243
445.368	7285
446.799	7308
448.230	7326
449.661	7230
451.092	7287
452.522	7193
453.952	7228
455.382	7175
456.812	7310
458.242	7248
459.671	7307
461.100	7259
462.529	7378
463.958	7223
465.386	7306
466.814	7460
468.242	7346
469.670	7335
471.097	7187
472.525	7284
473.952	7197
475.379	7192
476.806	7155
478.232	7251
479.658	7152
481.084	7122
482.510	7146
483.936	7187
485.361	7273
486.786	7154
488.211	7135
489.636	7135
491.060	7285
492.485	7263
493.909	7192
495.333	7282
496.756	7390
498.180	7307
499.603	7253
501.026	7373
502.449	7405
503.871	7439
505.294	7368
506.716	7324
508.138	7416
509.559	7262
510.981	7322
512.402	7429
513.823	7375
515.244	7382
516.664	7224
518.085	7338
519.505	7259
520.925	7368
522.345	7241
523.764	7185
525.183	7309
526.603	7348
528.021	7339
529.440	7468
530.858	7304
532.277	7455
533.695	7387
535.112	7341
536.530	7338
537.947	7374
539.365	7261
540.781	7407
542.198	7284
543.615	7272
545.031	7183
546.447	7348
547.863	7294
549.278	7298
550.694	7396
552.109	7268
553.524	7292
554.939	7187
556.353	7302
557.768	7249
559.182	7257
560.596	7304
562.009	7218
563.423	7296
564.836	7231
566.249	7348
567.662	7200
569.074	7282
570.487	7360
571.899	7446
573.311	7324
574.723	7387
576.134	7278
577.545	7388
578.956	7446
580.367	7477
581.778	7415
583.188	7439
584.599	7436
586.009	7326
587.418	7311
588.828	7383
590.237	7355
591.647	7423
593.056	7399
594.464	7410
595.873	7344
597.281	7438
598.689	7550
600.097	7388
601.505	7397
602.912	7368
604.319	7607
605.726	7557
607.133	7412
608.540	7382
609.946	7512
611.352	7398
612.758	7445
614.164	7536
615.569	7498
616.975	7435
618.380	7487
619.784	7559
621.189	7477
622.593	7424
623.998	7556
625.402	7577
626.805	7450
628.209	7540
629.612	7496
631.016	7543
632.418	7492
633.821	7710
635.224	7582
636.626	7732
638.028	7646
639.430	7682
640.832	7744
642.233	7573
643.634	7672
645.035	7499
646.436	7738
647.837	7693
649.237	7702
650.637	7641
652.037	7595
653.437	7691
654.836	7652
656.235	7668
657.635	7653
659.033	7872
660.432	7747
661.830	7869
663.229	7870
664.627	7894
666.025	7776
667.422	7660
668.819	7878
670.217	7932
671.614	7881
673.010	7867
674.407	7934
675.803	7841
677.199	8102
678.595	7878
679.991	8049
681.386	7971
682.781	7863
684.176	7901
685.571	7857
686.966	8134
688.360	8112
689.754	7853
691.148	7989
692.542	8102
693.936	7957
695.329	7942
696.722	7996
698.115	7971
699.508	8024
700.900	8064
702.292	7965
703.685	8004
705.076	7992
706.468	8089
707.859	7997
709.251	8071
710.642	7970
712.032	8014
713.423	8060
714.813	7966
716.203	8010
717.593	7928
718.983	8038
720.373	8134
721.762	8005
723.151	7993
724.540	7987
725.929	8055
727.317	8112
728.705	7972
730.093	8207
731.481	7981
732.869	8127
734.256	8069
735.643	8112
737.030	8199
738.417	8111
739.803	8170
741.190	8161
742.576	8109
743.962	8095
745.348	8004
746.733	8160
748.118	8232
749.503	8141
750.888	8087
752.273	8157
753.657	8045
755.042	8175
756.426	8211
757.809	8121
759.193	8173
760.576	8167
761.959	8201
763.342	8066
764.725	8047
766.108	8187
767.490	8137
768.872	7962
770.254	8063
771.636	8178
773.017	8104
774.398	8054
775.780	8006
777.160	8224
778.541	8088
779.921	8193
781.302	8172
782.682	8016
784.061	8149
785.441	8144
786.820	8112
788.200	8054
789.579	8143
790.957	8069
792.336	8063
793.714	8220
795.092	8233
796.470	8204
797.848	8152
799.225	8239
800.603	8191
801.980	8177
803.357	8254
804.733	8307
806.110	8128
807.486	8233
808.862	8254
810.238	8338
811.613	8168
812.989	8267
814.364	8232
815.739	8282
817.114	8186
818.488	8279
819.863	8251
821.237	8275
822.611	8340
823.984	8296
825.358	8180
826.731	8355
828.104	8354
829.477	8216
830.850	8134
832.222	8314
833.595	8234
834.967	8305
836.338	8247
837.710	8348
839.081	8359
840.453	8299
841.824	8311
843.194	8331
844.565	8191
845.935	8268
847.306	8221
848.676	8251
850.045	8264
851.415	8438
852.784	8218
854.153	8302
855.522	8350
856.891	8385
858.259	8356
859.628	8357
860.996	8486
862.364	8383
863.731	8384
865.099	8339
866.466	8415
867.833	8386
869.200	8256
870.567	8267
871.933	8381
873.299	8527
874.665	8646
876.031	8426
877.397	8505
878.762	8409
880.127	8407
881.492	8566
882.857	8478
884.221	8445
885.586	8551
886.950	8452
888.314	8574
889.678	8595
891.041	8536
892.404	8508
893.768	8591
895.130	8617
896.493	8579
897.856	8628
899.218	8656
900.580	8490
901.942	8613
903.303	8624
904.665	8651
906.026	8850
907.387	8626
908.748	8705
910.109	8647
911.469	8740
912.829	8756
914.189	8608
915.549	8741
916.909	8799
918.268	8710
919.627	8703
920.986	8779
922.345	8699
923.703	8597
925.062	8782
926.420	8785
927.778	8750
929.135	8802
930.493	8723
931.850	8664
933.207	8681
934.564	8728
935.921	8785
937.277	8822
938.634	8859
939.990	8796
941.346	8733
942.701	8696
944.057	8753
945.412	8754
946.767	8881
948.122	8859
949.477	8911
950.831	8804
952.185	8890
953.539	8919
954.893	8879
956.247	8919
957.600	8936
958.953	8920
960.306	8839
961.659	8902
963.012	8941
964.364	8821
965.716	8951
967.068	8790
968.420	8898
969.771	8997
971.123	8906
972.474	9107
973.825	8926
975.176	9032
976.526	8965
977.876	9098
979.227	8875
980.576	8961
981.926	9106
983.276	9180
984.625	9004
985.974	8965
987.323	8936
988.672	9032
990.020	9088
991.368	9031
992.716	9208
994.064	9101
995.412	8977
996.759	9101
998.107	9147
999.454	9053
1000.801	9061
1002.147	8976
1003.494	9090
1004.840	8989
1006.186	9079
1007.532	9030
1008.877	8865
1010.223	9084
1011.568	9160
1012.913	9112
1014.258	9063
1015.602	9073
1016.947	9083
1018.291	8972
1019.635	9066
1020.979	9114
1022.322	9154
1023.666	8982
1025.009	9010
1026.352	9039
1027.695	9002
1029.037	9058
1030.380	9029
1031.722	9213
1033.064	9074
1034.405	9233
1035.747	9129
1037.088	9071
1038.429	9097
1039.770	9142
1041.111	9060
1042.452	9131
1043.792	9301
1045.132	9202
1046.472	9221
1047.812	9179
1049.151	9362
1050.491	9299
1051.830	9176
1053.169	9219
1054.507	9161
1055.846	9137
1057.184	9222
1058.522	9328
1059.860	9270
1061.198	9070
1062.535	9273
1063.872	9308
1065.210	9329
1066.546	9259
1067.883	9441
1069.220	9322
1070.556	9391
1071.892	9290
1073.228	9443
1074.563	9447
1075.899	9473
1077.234	9305
1078.569	9443
1079.904	9422
1081.239	9275
1082.573	9382
1083.907	9384
1085.241	9504
1086.575	9559
1087.909	9549
1089.242	9591
1090.576	9581
1091.909	9674
1093.242	9694
1094.574	9635
1095.907	9672
1097.239	9545
1098.571	9563
1099.903	9589
1101.234	9700
1102.566	9562
1103.897	9503
1105.228	9662
1106.559	9671
1107.889	9586
1109.220	9643
1110.550	9626
1111.880	9570
1113.210	9516
1114.540	9626
1115.869	9838
1117.198	9750
1118.527	9904
1119.856	9885
1121.185	9775
1122.513	9690
1123.841	9645
1125.169	9712
1126.497	9674
1127.825	9688
1129.152	9670
1130.479	9829
1131.806	9721
1133.133	9703
1134.460	9713
1135.786	9578
1137.112	9674
1138.438	9855
1139.764	9697
1141.090	9932
1142.415	9832
1143.740	9681
1145.065	9644
1146.390	9677
1147.715	9715
1149.039	9736
1150.363	9725
1151.687	9724
1153.011	9626
1154.335	9704
1155.658	9614
1156.981	9605
1158.304	9816
1159.627	9761
1160.950	9806
1162.272	9774
1163.594	9821
1164.916	9849
1166.238	9727
1167.560	9724
1168.881	9979
1170.202	9939
1171.523	9702
1172.844	9800
1174.165	9730
1175.485	9963
1176.805	9743
1178.125	9900
1179.445	9828
1180.765	9840
1182.084	9877
1183.404	9861
1184.723	9804
1186.041	9877
1187.360	9929
1188.678	9993
1189.997	9919
1191.315	9875
1192.632	10059
1193.950	10194
1195.268	10134
1196.585	10027
1197.902	10260
1199.219	10404
1200.535	10290
1201.852	10243
1203.168	10240
1204.484	10309
1205.800	10364
1207.115	10340
1208.431	10235
1209.746	10361
1211.061	10457
1212.376	10476
1213.691	10484
1215.005	10446
1216.319	10449
1217.633	10238
1218.947	10198
1220.261	10241
1221.574	10308
1222.888	10321
1224.201	10205
1225.514	10198
1226.826	10046
1228.139	10291
1229.451	10179
1230.763	10373
1232.075	10190
1233.387	10009
1234.698	9194
1236.009	9534
1237.320	10383
1238.631	10414
1239.942	10396
1241.253	10402
1242.563	10526
1243.873	10388
1245.183	10429
1246.493	10432
1247.802	10628
1249.111	10589
1250.421	10566
1251.729	10621
1253.038	10503
1254.347	10524
1255.655	10407
1256.963	10514
1258.271	10426
1259.579	10532
1260.886	10487
1262.194	10616
1263.501	10410
1264.808	10700
1266.115	10433
1267.421	10511
1268.727	10432
1270.034	10509
1271.340	10564
1272.645	10653
1273.951	10490
1275.256	10562
1276.562	10658
1277.867	10515
1279.171	10667
1280.476	10522
1281.780	10598
1283.085	10695
1284.389	10733
1285.692	10562
1286.996	10716
1288.299	10737
1289.603	10753
1290.906	10814
1292.208	10905
1293.511	10824
1294.814	10959
1296.116	10869
1297.418	10855
1298.720	10843
1300.021	10926
1301.323	10870
1302.624	10711
1303.925	10702
1305.226	10816
1306.527	11007
1307.827	10818
1309.128	10886
1310.428	10992
1311.728	10861
1313.027	10958
1314.327	10928
1315.626	10969
1316.925	11314
1318.224	11082
1319.523	11145
1320.821	11011
1322.120	11065
1323.418	11098
1324.716	11193
1326.014	11182
1327.311	11137
1328.608	11174
1329.906	11275
1331.203	11288
1332.499	11198
1333.796	11366
1335.092	11209
1336.389	11321
1337.685	11290
1338.980	11336
1340.276	11354
1341.571	11396
1342.867	11310
1344.162	11427
1345.457	11388
1346.751	11341
1348.046	11246
1349.340	11347
1350.634	11415
1351.928	11334
1353.222	11383
1354.515	11242
1355.808	11316
1357.101	11228
1358.394	11254
1359.687	11211
1360.980	11301
1362.272	11364
1363.564	11382
1364.856	11432
1366.148	11397
1367.439	11470
1368.731	11512
1370.022	11342
1371.313	11303
1372.603	11396
1373.894	11372
1375.184	11260
1376.475	11249
1377.765	11297
1379.054	11242
1380.344	11148
1381.633	11118
1382.923	10998
1384.212	11222
1385.501	11268
1386.789	11351
1388.078	11351
1389.366	11293
1390.654	11396
1391.942	11444
1393.230	11459
1394.517	11449
1395.804	11599
1397.091	11466
1398.378	11453
1399.665	11510
1400.952	11601
1402.238	11523
1403.524	11572
1404.810	11619
1406.096	11436
1407.381	11259
1408.667	11435
1409.952	11461
1411.237	11423
1412.522	11420
1413.806	11486
1415.091	11423
1416.375	11511
1417.659	11498
1418.943	11443
1420.227	11400
1421.510	11494
1422.793	11452
1424.076	11520
1425.359	11400
1426.642	11575
1427.924	11477
1429.207	11545
1430.489	11445
1431.771	11545
1433.052	11686
1434.334	11659
1435.615	11670
1436.897	11748
1438.178	11683
1439.458	11873
1440.739	11733
1442.019	11802
1443.299	11796
1444.579	11795
1445.859	11676
1447.139	11787
1448.418	11798
1449.698	11823
1450.977	11897
1452.256	11843
1453.534	11751
1454.813	11664
1456.091	11656
1457.369	11854
1458.647	11652
1459.925	11682
1461.202	11704
1462.480	11662
1463.757	11623
1465.034	11727
1466.311	11595
1467.587	11556
1468.863	11529
1470.140	11501
1471.416	11488
1472.692	11526
1473.967	11647
1475.243	11444
1476.518	11383
1477.793	11502
1479.068	11348
1480.342	11513
1481.617	11415
1482.891	11645
1484.165	11504
1485.439	11418
1486.713	11472
1487.987	11677
1489.260	11430
1490.533	11528
1491.806	11425
1493.079	11526
1494.351	11602
1495.624	11555
1496.896	11661
1498.168	11607
1499.440	11533
1500.712	11674
1501.983	11708
1503.254	11754
1504.525	11550
1505.796	11668
1507.067	11626
1508.337	11736
1509.608	11733
1510.878	11833
1512.148	11796
1513.418	11774
1514.687	11840
1515.957	11851
1517.226	11909
1518.495	11958
1519.764	11832
1521.032	11824
1522.301	12008
1523.569	11804
1524.837	11948
1526.105	11863
1527.372	11879
1528.640	11973
1529.907	11957
1531.174	12057
1532.441	12074
1533.708	12058
1534.975	12110
1536.241	12195
1537.507	12266
1538.773	12254
1540.039	12135
1541.305	12044
1542.570	12223
1543.835	12235
1545.100	12293
1546.365	12319
1547.630	12165
1548.894	12185
1550.159	12122
1551.423	12328
1552.687	12190
1553.950	12000
1555.214	12179
1556.477	12158
1557.740	12074
1559.003	12065
1560.266	12173
1561.529	12168
1562.791	12273
1564.053	12130
1565.316	12141
1566.577	12370
1567.839	12211
1569.101	12340
1570.362	12089
1571.623	12206
1572.884	12232
1574.145	12396
1575.405	12249
1576.666	12464
1577.926	12360
1579.186	12430
1580.446	12300
1581.705	12445
1582.965	12376
1584.224	12404
1585.483	12590
1586.742	12491
1588.000	12511
1589.259	12454
1590.517	12364
1591.775	12480
1593.033	12405
1594.291	12374
1595.549	12363
1596.806	12306
1598.063	12192
1599.320	12264
1600.577	12142
1601.834	12195
1603.090	12404
1604.346	12209
1605.603	12189
1606.858	12177
1608.114	12193
1609.370	12316
1610.625	12320
1611.880	12138
1613.135	12178
1614.390	12023
1615.644	12113
1616.899	12174
1618.153	12094
1619.407	12010
1620.661	12125
1621.915	12031
1623.168	12196
1624.421	11990
1625.675	12033
1626.927	12014
1628.180	12009
1629.433	12023
1630.685	11947
1631.937	12051
1633.189	12089
1634.441	11931
1635.693	12040
1636.944	11922
1638.195	12076
1639.447	12023
1640.697	11869
1641.948	12018
1643.199	12058
1644.449	11968
1645.699	12031
1646.949	12003
1648.199	12193
1649.449	12077
1650.698	12058
1651.947	11961
1653.196	12117
1654.445	12097
1655.694	11849
1656.942	11971
1658.191	12139
1659.439	11960
1660.687	12001
1661.934	12061
1663.182	12146
1664.429	11945
1665.677	12164
1666.924	12012
1668.170	12097
1669.417	12110
1670.664	12053
1671.910	11946
1673.156	12040
1674.402	11881
1675.648	11976
1676.893	12147
1678.139	11920
1679.384	12022
1680.629	12013
1681.874	12009
1683.118	11971
1684.363	11896
1685.607	12173
1686.851	11858
1688.095	11866
1689.339	11885
1690.582	12020
1691.826	11846
1693.069	11936
1694.312	11855
1695.554	12093
1696.797	11930
1698.040	12077
1699.282	11997
1700.524	12039
1701.766	11812
1703.007	12009
1704.249	12028
1705.490	11898
1706.731	12036
1707.972	12086
1709.213	11900
1710.454	11777
1711.694	11817
1712.935	12030
1714.175	11907
1715.415	11875
1716.654	12088
1717.894	11920
1719.133	11834
1720.372	11970
1721.611	11956
1722.850	12045
1724.089	11938
1725.327	12149
1726.565	12132
1727.803	12130
1729.041	12106
1730.279	12021
1731.516	12101
1732.754	12072
1733.991	12196
1735.228	12248
1736.465	12149
1737.701	12078
1738.938	12182
1740.174	12318
1741.410	12199
1742.646	12109
1743.882	12060
1745.117	12112
1746.352	12290
1747.588	12166
1748.823	12339
1750.057	12133
1751.292	12009
1752.526	12289
1753.761	12340
1754.995	12280
1756.229	12155
1757.462	12224
1758.696	12286
1759.929	12242
1761.162	12213
1762.395	12333
1763.628	12242
1764.861	12246
1766.093	12360
1767.326	12298
1768.558	12382
1769.790	12338
1771.021	12267
1772.253	12453
1773.484	12392
1774.715	12487
1775.946	12277
1777.177	12292
1778.408	12272
1779.638	12346
1780.869	12364
1782.099	12213
1783.329	12391
1784.558	12313
1785.788	12282
1787.017	12310
1788.247	12316
1789.476	12383
1790.704	12425
1791.933	12313
1793.162	12456
1794.390	12449
1795.618	12276
1796.846	12375
1798.074	12471
1799.301	12293
1800.529	12310
1801.756	12337
1802.983	12410
1804.210	12264
1805.437	12346
1806.663	12253
1807.889	12395
1809.116	12086
1810.341	12328
1811.567	12242
1812.793	12425
1814.018	12418
1815.244	12410
1816.469	12449
1817.694	12374
1818.918	12410
1820.143	12516
1821.367	12576
1822.591	12492
1823.815	12506
1825.039	12514
1826.263	12406
1827.486	12607
1828.710	12658
1829.933	12623
1831.156	12638
1832.378	12413
1833.601	12575
1834.823	12488
1836.046	12506
1837.268	12505
1838.490	12555
1839.711	12389
1840.933	12456
1842.154	12563
1843.375	12566
1844.596	12535
1845.817	12440
1847.038	12539
1848.258	12694
1849.478	12642
1850.698	12647
1851.918	12554
1853.138	12666
1854.358	12849
1855.577	12556
1856.796	12449
1858.015	12609
1859.234	12742
1860.453	12527
1861.671	12726
1862.890	12800
1864.108	12623
1865.326	12521
1866.543	12717
1867.761	12456
1868.978	12642
1870.196	12761
1871.413	12746
1872.630	12893
1873.846	12810
1875.063	12896
1876.279	12839
1877.496	12907
1878.712	12977
1879.927	12885
1881.143	12776
1882.359	12859
1883.574	12800
1884.789	12806
1886.004	12837
1887.219	12725
1888.433	12829
1889.648	12850
1890.862	12872
1892.076	12853
1893.290	12840
1894.504	12743
1895.717	12954
1896.931	12825
1898.144	12880
1899.357	12997
1900.570	12782
1901.782	12997
1902.995	12818
1904.207	12930
1905.419	12974
1906.631	12993
1907.843	13058
1909.055	12924
1910.266	12992
1911.477	13099
1912.688	13078
1913.899	13130
1915.110	13152
1916.320	13021
1917.531	12911
1918.741	12900
1919.951	12868
1921.161	13072
1922.371	13088
1923.580	13093
1924.789	13050
1925.999	13037
1927.208	13133
1928.416	13103
1929.625	13090
1930.833	12907
1932.042	13203
1933.250	13043
1934.458	13159
1935.666	13194
1936.873	13119
1938.081	13106
1939.288	12927
1940.495	13008
1941.702	12919
1942.908	13058
1944.115	13178
1945.321	13129
1946.527	13099
1947.733	12955
1948.939	13092
1950.145	12998
1951.350	13156
1952.556	13068
1953.761	13116
1954.966	13093
1956.171	12997
1957.375	13006
1958.580	13220
1959.784	13194
1960.988	13087
1962.192	12924
1963.396	13022
1964.599	13038
1965.803	13109
1967.006	13201
1968.209	13161
1969.412	13113
1970.615	13115
1971.817	13066
1973.019	13230
1974.222	13140
1975.424	13306
1976.625	13247
1977.827	13139
1979.029	13208
1980.230	13124
1981.431	13263
1982.632	13240
1983.833	13274
1985.033	13265
1986.234	13232
1987.434	13239
1988.634	13517
1989.834	13462
1991.034	13416
1992.234	13411
1993.433	13524
1994.632	13441
1995.831	13355
1997.030	13282
1998.229	13268
1999.427	13493
2000.626	13520
2001.824	13618
2003.022	13360
2004.220	13528
2005.418	13285
2006.615	13672
2007.812	13390
2009.010	13470
2010.207	13476
2011.403	13647
2012.600	13486
2013.797	13600
2014.993	13423
2016.189	13532
2017.385	13551
2018.581	13409
2019.776	13447
2020.972	13403
2022.167	13729
2023.362	13397
2024.557	13432
2025.752	13611
2026.947	13410
2028.141	13442
2029.335	13606
2030.529	13671
2031.723	13515
2032.917	13631
2034.110	13631
2035.304	13487
2036.497	13551
2037.690	13645
2038.883	13553
2040.076	13743
2041.268	13789
2042.461	13409
2043.653	13536
2044.845	13566
2046.037	13520
2047.228	13570
2048.420	13859
2049.611	13643
2050.802	13660
2051.993	13675
2053.184	13576
2054.375	13632
2055.565	13688
2056.756	13439
2057.946	13686
2059.136	13588
2060.326	13544
2061.515	13527
2062.705	13488
2063.894	13818
2065.083	13487
2066.272	13631
2067.461	13572
2068.649	13628
2069.838	13707
2071.026	13487
2072.214	13544
2073.402	13719
2074.590	13531
2075.778	13637
2076.965	13612
2078.152	13663
2079.339	13485
2080.526	13659
2081.713	13694
2082.900	13628
2084.086	13549
2085.272	13537
2086.458	13606
2087.644	13647
2088.830	13760
2090.015	13749
2091.201	13679
2092.386	13696
2093.571	13686
2094.756	13590
2095.941	13701
2097.125	14012
2098.310	13789
2099.494	13697
2100.678	13904
2101.862	13841
2103.045	13757
2104.229	13864
2105.412	13947
2106.596	13765
2107.779	13915
2108.961	13971
2110.144	13755
2111.327	13985
2112.509	13844
2113.691	14061
2114.873	13935
2116.055	13865
2117.237	13806
2118.418	14024
2119.600	13907
2120.781	14028
2121.962	13976
2123.143	13858
2124.323	13960
2125.504	14033
2126.684	14028
2127.864	14071
2129.044	13879
2130.224	13978
2131.404	14091
2132.583	14018
2133.762	14159
2134.942	14083
2136.121	14013
2137.299	13964
2138.478	13899
2139.657	14026
2140.835	13968
2142.013	14049
2143.191	14007
2144.369	14124
2145.546	14219
2146.724	14042
2147.901	13997
2149.078	14132
2150.255	13944
2151.432	14151
2152.609	14110
2153.785	14167
2154.962	14131
2156.138	14193
2157.314	14099
2158.489	14113
2159.665	14102
2160.841	14109
2162.016	14250
2163.191	14185
2164.366	14271
2165.541	13982
2166.715	14259
2167.890	14231
2169.064	14278
2170.238	14321
2171.412	14189
2172.586	14311
2173.760	14283
2174.933	14094
2176.107	14121
2177.280	14244
2178.453	14201
2179.626	14123
2180.798	14326
2181.971	14137
2183.143	14240
2184.315	14171
2185.487	14364
2186.659	14310
2187.831	14088
2189.002	14284
2190.173	14406
2191.344	14344
2192.515	14310
2193.686	14073
2194.857	14225
2196.027	14158
2197.198	14351
2198.368	14289
2199.538	14177
2200.708	14426
2201.877	14136
2203.047	14280
2204.216	14228
2205.385	14485
2206.554	14235
2207.723	14297
2208.892	14104
2210.060	14081
2211.229	14254
2212.397	14383
2213.565	14250
2214.733	14304
2215.900	14294
2217.068	14256
2218.235	14208
2219.402	14135
2220.569	14231
2221.736	14218
2222.903	14202
2224.070	14242
2225.236	14165
2226.402	14261
2227.568	14287
2228.734	14110
2229.900	14285
2231.065	14407
2232.231	14472
2233.396	14430
2234.561	14326
2235.726	14502
2236.890	14224
2238.055	14378
2239.219	14295
2240.384	14472
2241.548	14308
2242.712	14423
2243.875	14398
2245.039	14407
2246.202	14510
2247.366	14591
2248.529	14422
2249.692	14625
2250.854	14597
2252.017	14541
2253.179	14651
2254.342	14522
2255.504	14499
2256.666	14494
2257.827	14558
2258.989	14465
2260.150	14628
2261.312	14646
2262.473	14596
2263.634	14513
2264.795	14833
2265.955	14597
2267.116	14421
2268.276	14778
2269.436	14564
2270.596	14610
2271.756	14569
2272.916	14747
2274.075	14613
2275.234	14670
2276.394	14719
2277.553	14640
2278.711	14708
2279.870	14802
2281.029	14542
2282.187	14556
2283.345	14757
2284.503	14677
2285.661	14722
2286.819	14709
2287.976	14663
2289.134	14709
2290.291	14649
2291.448	14588
2292.605	14735
2293.762	14838
2294.918	14733
2296.075	14762
2297.231	14915
2298.387	14881
2299.543	14921
2300.699	14751
2301.854	14924
2303.010	14768
2304.165	14663
2305.320	14815
2306.475	14915
2307.630	14682
2308.784	14744
2309.939	14913
2311.093	14823
2312.247	15049
2313.401	15075
2314.555	14968
2315.709	15026
2316.862	14976
2318.016	14941
2319.169	15092
2320.322	14781
2321.475	14978
2322.627	14927
2323.780	15012
2324.932	15056
2326.084	14940
2327.236	14954
2328.388	14955
2329.540	14916
2330.692	15306
2331.843	14965
2332.994	14984
2334.145	15033
2335.296	15062
2336.447	15090
2337.598	14905
2338.748	14841
2339.898	15098
2341.048	15203
2342.198	14998
2343.348	15192
2344.498	15023
2345.647	15191
2346.797	15306
2347.946	15016
2349.095	15158
2350.244	14876
2351.392	15097
2352.541	15014
2353.689	15231
2354.837	15142
2355.985	15293
2357.133	14917
2358.281	15279
2359.429	15070
2360.576	15159
2361.723	15258
2362.870	14940
2364.017	15074
2365.164	15198
2366.311	15088
2367.457	15225
2368.603	15164
2369.750	15209
2370.896	15357
2372.041	15238
2373.187	15375
2374.332	15246
2375.478	15213
2376.623	15144
2377.768	15126
2378.913	15313
2380.058	15191
2381.202	15208
2382.346	15474
2383.491	15476
2384.635	15188
2385.779	15164
2386.922	15242
2388.066	15408
2389.209	15447
2390.353	15353
2391.496	15353
2392.639	15190
2393.782	15587
2394.924	15290
2396.067	15313
2397.209	15414
2398.351	15246
2399.493	15544
2400.635	15315
2401.777	15532
2402.918	15369
2404.060	15554
2405.201	15651
2406.342	15375
2407.483	15484
2408.623	15249
2409.764	15304
2410.904	15008
2412.045	15193
2413.185	15423
2414.325	15492
2415.465	15425
2416.604	15388
2417.744	15448
2418.883	15448
2420.022	15408
2421.161	15507
2422.300	15540
2423.439	15505
2424.577	15663
2425.716	15434
2426.854	15537
2427.992	15595
2429.130	15415
2430.268	15499
2431.405	15564
2432.543	15558
2433.680	15631
2434.817	15535
2435.954	15667
2437.091	15455
2438.227	15397
2439.364	15334
2440.500	15472
2441.636	15603
2442.772	15407
2443.908	15587
2445.044	15545
2446.180	15633
2447.315	15497
2448.450	15382
2449.585	15496
2450.720	15681
2451.855	15572
2452.990	15467
2454.124	15446
2455.258	15562
2456.393	15518
2457.527	15570
2458.660	15562
2459.794	15534
2460.928	15613
2462.061	15389
2463.194	15707
2464.327	15811
2465.460	15480
2466.593	15654
2467.725	15583
2468.858	15470
2469.990	15443
2471.122	15514
2472.254	15644
2473.386	15479
2474.518	15572
2475.649	15455
2476.781	15578
2477.912	15758
2479.043	15355
2480.174	15684
2481.304	15613
2482.435	15752
2483.565	15771
2484.696	15685
2485.826	15821
2486.956	15835
2488.086	15776
2489.215	15836
2490.345	15984
2491.474	15813
2492.603	15901
2493.732	15790
2494.861	16051
2495.990	15842
2497.118	16095
2498.247	16040
2499.375	16129
2500.503	16110
2501.631	15970
2502.759	16065
2503.886	16037
2505.014	16007
2506.141	16207
2507.268	15980
2508.395	16147
2509.522	15996
2510.649	16061
2511.776	16204
2512.902	16004
2514.028	16120
2515.154	16089
2516.280	15826
2517.406	16118
2518.532	16234
2519.657	16073
2520.782	16186
2521.908	16188
2523.033	16245
2524.158	16369
2525.282	16302
2526.407	16086
2527.531	16222
2528.655	16024
2529.780	16193
2530.904	16139
2532.027	16137
2533.151	16202
2534.274	16301
2535.398	15999
2536.521	16196
2537.644	16181
2538.767	16130
2539.890	16148
2541.012	15955
2542.135	16245
2543.257	16008
2544.379	16295
2545.501	16251
2546.623	16281
2547.744	16325
2548.866	16090
2549.987	16305
2551.108	16163
2552.229	16214
2553.350	16363
2554.471	16276
2555.592	16051
2556.712	16292
2557.832	16273
2558.952	16273
2560.072	16112
2561.192	16242
2562.312	16385
2563.431	16265
2564.551	16247
2565.670	16260
2566.789	16325
2567.908	16152
2569.027	16444
2570.145	16457
2571.264	16407
2572.382	16364
2573.500	16195
2574.618	16742
2575.736	16323
2576.854	16473
2577.971	16460
2579.089	16233
2580.206	16491
2581.323	16386
2582.440	16397
2583.557	16308
2584.673	16546
2585.790	16295
2586.906	16341
2588.022	16431
2589.138	16409
2590.254	16491
2591.370	16325
2592.486	16522
2593.601	16469
2594.716	16367
2595.831	16300
2596.946	16637
2598.061	16335
2599.176	16521
2600.290	16580
2601.405	16610
2602.519	16455
2603.633	16701
2604.747	16612
2605.861	16540
2606.974	16508
2608.088	16498
2609.201	16446
2610.314	16389
2611.427	16499
2612.540	16371
2613.653	16573
2614.766	16531
2615.878	16475
2616.990	16319
2618.102	16404
2619.214	16292
2620.326	16414
2621.438	16635
2622.549	16559
2623.661	16526
2624.772	16447
2625.883	16437
2626.994	16718
2628.105	16572
2629.215	16591
2630.326	16478
2631.436	16289
2632.546	16629
2633.656	16524
